{
 "cells": [
  {
   "cell_type": "code",
   "execution_count": 1,
   "metadata": {},
   "outputs": [
    {
     "data": {
      "text/html": [
       "        <script type=\"text/javascript\">\n",
       "        window.PlotlyConfig = {MathJaxConfig: 'local'};\n",
       "        if (window.MathJax) {MathJax.Hub.Config({SVG: {font: \"STIX-Web\"}});}\n",
       "        if (typeof require !== 'undefined') {\n",
       "        require.undef(\"plotly\");\n",
       "        requirejs.config({\n",
       "            paths: {\n",
       "                'plotly': ['https://cdn.plot.ly/plotly-latest.min']\n",
       "            }\n",
       "        });\n",
       "        require(['plotly'], function(Plotly) {\n",
       "            window._Plotly = Plotly;\n",
       "        });\n",
       "        }\n",
       "        </script>\n",
       "        "
      ]
     },
     "metadata": {},
     "output_type": "display_data"
    }
   ],
   "source": [
    "import os\n",
    "import pandas as pd\n",
    "import numpy as np\n",
    "import xgboost\n",
    "import plotly.graph_objs as go\n",
    "import matplotlib.pyplot as plt\n",
    "\n",
    "\n",
    "from sklearn.model_selection import train_test_split\n",
    "from sklearn.metrics import accuracy_score\n",
    "from sklearn.ensemble import IsolationForest\n",
    "from tensorflow import keras\n",
    "from xgboost import plot_importance\n",
    "from plotly.offline import plot\n",
    "from plotly.offline import init_notebook_mode\n",
    "\n",
    "init_notebook_mode(connected = True)\n"
   ]
  },
  {
   "cell_type": "code",
   "execution_count": 2,
   "metadata": {},
   "outputs": [
    {
     "data": {
      "text/plain": [
       "'C:\\\\Users\\\\jmp08\\\\Desktop\\\\Data\\\\Competition\\\\Astro\\\\Astro'"
      ]
     },
     "execution_count": 2,
     "metadata": {},
     "output_type": "execute_result"
    }
   ],
   "source": [
    "os.getcwd()"
   ]
  },
  {
   "cell_type": "code",
   "execution_count": 3,
   "metadata": {},
   "outputs": [],
   "source": [
    "train = pd.read_csv(\"./RawData/train.csv\")\n",
    "train = train.drop([\"id\"], axis = \"columns\")\n",
    "train = train[(train.loc[:, [\"u\", \"g\", \"r\", \"i\", \"z\", \"dered_u\", \"dered_g\", \"dered_r\", \"dered_i\", \"dered_z\"]] > 0).all(axis = 1)]"
   ]
  },
  {
   "cell_type": "code",
   "execution_count": 109,
   "metadata": {},
   "outputs": [
    {
     "name": "stderr",
     "output_type": "stream",
     "text": [
      "C:\\Users\\jmp08\\Anaconda3\\lib\\site-packages\\sklearn\\ensemble\\iforest.py:237: FutureWarning:\n",
      "\n",
      "default contamination parameter 0.1 will change in version 0.22 to \"auto\". This will change the predict method behavior.\n",
      "\n",
      "C:\\Users\\jmp08\\Anaconda3\\lib\\site-packages\\sklearn\\ensemble\\iforest.py:247: FutureWarning:\n",
      "\n",
      "behaviour=\"old\" is deprecated and will be removed in version 0.22. Please use behaviour=\"new\", which makes the decision_function change to match other anomaly detection algorithm API.\n",
      "\n",
      "C:\\Users\\jmp08\\Anaconda3\\lib\\site-packages\\sklearn\\ensemble\\iforest.py:415: DeprecationWarning:\n",
      "\n",
      "threshold_ attribute is deprecated in 0.20 and will be removed in 0.22.\n",
      "\n"
     ]
    }
   ],
   "source": [
    "clf = IsolationForest(n_estimators = 100)\n",
    "clf.fit(train)\n",
    "pred = clf.predict(train)\n",
    "train[\"anomaly\"] = pred\n",
    "\n",
    "train = train.loc[train[\"anomaly\"] != -1]\n",
    "train = train.drop(\"anomaly\", axis = \"columns\")"
   ]
  },
  {
   "cell_type": "code",
   "execution_count": 7,
   "metadata": {},
   "outputs": [
    {
     "data": {
      "text/html": [
       "<div>\n",
       "<style scoped>\n",
       "    .dataframe tbody tr th:only-of-type {\n",
       "        vertical-align: middle;\n",
       "    }\n",
       "\n",
       "    .dataframe tbody tr th {\n",
       "        vertical-align: top;\n",
       "    }\n",
       "\n",
       "    .dataframe thead th {\n",
       "        text-align: right;\n",
       "    }\n",
       "</style>\n",
       "<table border=\"1\" class=\"dataframe\">\n",
       "  <thead>\n",
       "    <tr style=\"text-align: right;\">\n",
       "      <th></th>\n",
       "      <th>u</th>\n",
       "      <th>g</th>\n",
       "      <th>r</th>\n",
       "      <th>i</th>\n",
       "      <th>z</th>\n",
       "      <th>redshift</th>\n",
       "      <th>dered_u</th>\n",
       "      <th>dered_g</th>\n",
       "      <th>dered_r</th>\n",
       "      <th>dered_i</th>\n",
       "      <th>dered_z</th>\n",
       "      <th>nObserve</th>\n",
       "      <th>nDetect</th>\n",
       "      <th>airmass_u</th>\n",
       "      <th>airmass_g</th>\n",
       "      <th>airmass_r</th>\n",
       "      <th>airmass_i</th>\n",
       "      <th>airmass_z</th>\n",
       "      <th>class</th>\n",
       "    </tr>\n",
       "  </thead>\n",
       "  <tbody>\n",
       "    <tr>\n",
       "      <th>count</th>\n",
       "      <td>287992.000000</td>\n",
       "      <td>287992.000000</td>\n",
       "      <td>287992.000000</td>\n",
       "      <td>287992.000000</td>\n",
       "      <td>287992.000000</td>\n",
       "      <td>287992.000000</td>\n",
       "      <td>287992.000000</td>\n",
       "      <td>287992.000000</td>\n",
       "      <td>287992.000000</td>\n",
       "      <td>287992.000000</td>\n",
       "      <td>287992.000000</td>\n",
       "      <td>287992.000000</td>\n",
       "      <td>287992.000000</td>\n",
       "      <td>287992.000000</td>\n",
       "      <td>287992.000000</td>\n",
       "      <td>287992.000000</td>\n",
       "      <td>287992.000000</td>\n",
       "      <td>287992.000000</td>\n",
       "      <td>287992.000000</td>\n",
       "    </tr>\n",
       "    <tr>\n",
       "      <th>mean</th>\n",
       "      <td>19.747789</td>\n",
       "      <td>18.325076</td>\n",
       "      <td>17.647816</td>\n",
       "      <td>17.238235</td>\n",
       "      <td>17.003919</td>\n",
       "      <td>0.057417</td>\n",
       "      <td>19.556573</td>\n",
       "      <td>18.174385</td>\n",
       "      <td>17.543319</td>\n",
       "      <td>17.160685</td>\n",
       "      <td>16.946755</td>\n",
       "      <td>5.913088</td>\n",
       "      <td>5.771789</td>\n",
       "      <td>1.167366</td>\n",
       "      <td>1.167842</td>\n",
       "      <td>1.167017</td>\n",
       "      <td>1.167175</td>\n",
       "      <td>1.167587</td>\n",
       "      <td>1.157893</td>\n",
       "    </tr>\n",
       "    <tr>\n",
       "      <th>std</th>\n",
       "      <td>1.701191</td>\n",
       "      <td>1.364566</td>\n",
       "      <td>1.178682</td>\n",
       "      <td>1.068560</td>\n",
       "      <td>1.084479</td>\n",
       "      <td>0.342250</td>\n",
       "      <td>1.649601</td>\n",
       "      <td>1.336627</td>\n",
       "      <td>1.161869</td>\n",
       "      <td>1.061915</td>\n",
       "      <td>1.081153</td>\n",
       "      <td>8.277798</td>\n",
       "      <td>8.032253</td>\n",
       "      <td>0.104144</td>\n",
       "      <td>0.105321</td>\n",
       "      <td>0.103162</td>\n",
       "      <td>0.103628</td>\n",
       "      <td>0.104707</td>\n",
       "      <td>0.917556</td>\n",
       "    </tr>\n",
       "    <tr>\n",
       "      <th>min</th>\n",
       "      <td>2.265091</td>\n",
       "      <td>14.721545</td>\n",
       "      <td>13.128613</td>\n",
       "      <td>2.749176</td>\n",
       "      <td>11.056773</td>\n",
       "      <td>-86.618158</td>\n",
       "      <td>13.761670</td>\n",
       "      <td>13.829280</td>\n",
       "      <td>13.101670</td>\n",
       "      <td>12.078640</td>\n",
       "      <td>13.265250</td>\n",
       "      <td>1.000000</td>\n",
       "      <td>1.000000</td>\n",
       "      <td>1.000059</td>\n",
       "      <td>1.000012</td>\n",
       "      <td>1.000179</td>\n",
       "      <td>1.000109</td>\n",
       "      <td>1.000027</td>\n",
       "      <td>0.000000</td>\n",
       "    </tr>\n",
       "    <tr>\n",
       "      <th>25%</th>\n",
       "      <td>18.750497</td>\n",
       "      <td>17.509507</td>\n",
       "      <td>16.915306</td>\n",
       "      <td>16.560124</td>\n",
       "      <td>16.324408</td>\n",
       "      <td>0.000051</td>\n",
       "      <td>18.601468</td>\n",
       "      <td>17.389890</td>\n",
       "      <td>16.830005</td>\n",
       "      <td>16.493230</td>\n",
       "      <td>16.271752</td>\n",
       "      <td>1.000000</td>\n",
       "      <td>1.000000</td>\n",
       "      <td>1.087197</td>\n",
       "      <td>1.087574</td>\n",
       "      <td>1.086844</td>\n",
       "      <td>1.087079</td>\n",
       "      <td>1.087370</td>\n",
       "      <td>0.000000</td>\n",
       "    </tr>\n",
       "    <tr>\n",
       "      <th>50%</th>\n",
       "      <td>19.383985</td>\n",
       "      <td>18.113233</td>\n",
       "      <td>17.502351</td>\n",
       "      <td>17.127704</td>\n",
       "      <td>16.894395</td>\n",
       "      <td>0.052535</td>\n",
       "      <td>19.234450</td>\n",
       "      <td>17.998025</td>\n",
       "      <td>17.421215</td>\n",
       "      <td>17.065855</td>\n",
       "      <td>16.847080</td>\n",
       "      <td>2.000000</td>\n",
       "      <td>2.000000</td>\n",
       "      <td>1.176245</td>\n",
       "      <td>1.175702</td>\n",
       "      <td>1.176605</td>\n",
       "      <td>1.176461</td>\n",
       "      <td>1.175886</td>\n",
       "      <td>2.000000</td>\n",
       "    </tr>\n",
       "    <tr>\n",
       "      <th>75%</th>\n",
       "      <td>20.221875</td>\n",
       "      <td>18.816093</td>\n",
       "      <td>18.159580</td>\n",
       "      <td>17.779348</td>\n",
       "      <td>17.538264</td>\n",
       "      <td>0.095631</td>\n",
       "      <td>20.015730</td>\n",
       "      <td>18.647933</td>\n",
       "      <td>18.035810</td>\n",
       "      <td>17.684263</td>\n",
       "      <td>17.469632</td>\n",
       "      <td>4.000000</td>\n",
       "      <td>4.000000</td>\n",
       "      <td>1.216687</td>\n",
       "      <td>1.214527</td>\n",
       "      <td>1.218668</td>\n",
       "      <td>1.217773</td>\n",
       "      <td>1.215461</td>\n",
       "      <td>2.000000</td>\n",
       "    </tr>\n",
       "    <tr>\n",
       "      <th>max</th>\n",
       "      <td>58.360283</td>\n",
       "      <td>31.765897</td>\n",
       "      <td>65.362263</td>\n",
       "      <td>32.863412</td>\n",
       "      <td>40.799011</td>\n",
       "      <td>62.323343</td>\n",
       "      <td>29.672990</td>\n",
       "      <td>30.060960</td>\n",
       "      <td>26.572780</td>\n",
       "      <td>28.227670</td>\n",
       "      <td>27.969340</td>\n",
       "      <td>43.000000</td>\n",
       "      <td>41.000000</td>\n",
       "      <td>1.647386</td>\n",
       "      <td>1.659706</td>\n",
       "      <td>1.635451</td>\n",
       "      <td>1.641370</td>\n",
       "      <td>1.653493</td>\n",
       "      <td>2.000000</td>\n",
       "    </tr>\n",
       "  </tbody>\n",
       "</table>\n",
       "</div>"
      ],
      "text/plain": [
       "                   u              g              r              i  \\\n",
       "count  287992.000000  287992.000000  287992.000000  287992.000000   \n",
       "mean       19.747789      18.325076      17.647816      17.238235   \n",
       "std         1.701191       1.364566       1.178682       1.068560   \n",
       "min         2.265091      14.721545      13.128613       2.749176   \n",
       "25%        18.750497      17.509507      16.915306      16.560124   \n",
       "50%        19.383985      18.113233      17.502351      17.127704   \n",
       "75%        20.221875      18.816093      18.159580      17.779348   \n",
       "max        58.360283      31.765897      65.362263      32.863412   \n",
       "\n",
       "                   z       redshift        dered_u        dered_g  \\\n",
       "count  287992.000000  287992.000000  287992.000000  287992.000000   \n",
       "mean       17.003919       0.057417      19.556573      18.174385   \n",
       "std         1.084479       0.342250       1.649601       1.336627   \n",
       "min        11.056773     -86.618158      13.761670      13.829280   \n",
       "25%        16.324408       0.000051      18.601468      17.389890   \n",
       "50%        16.894395       0.052535      19.234450      17.998025   \n",
       "75%        17.538264       0.095631      20.015730      18.647933   \n",
       "max        40.799011      62.323343      29.672990      30.060960   \n",
       "\n",
       "             dered_r        dered_i        dered_z       nObserve  \\\n",
       "count  287992.000000  287992.000000  287992.000000  287992.000000   \n",
       "mean       17.543319      17.160685      16.946755       5.913088   \n",
       "std         1.161869       1.061915       1.081153       8.277798   \n",
       "min        13.101670      12.078640      13.265250       1.000000   \n",
       "25%        16.830005      16.493230      16.271752       1.000000   \n",
       "50%        17.421215      17.065855      16.847080       2.000000   \n",
       "75%        18.035810      17.684263      17.469632       4.000000   \n",
       "max        26.572780      28.227670      27.969340      43.000000   \n",
       "\n",
       "             nDetect      airmass_u      airmass_g      airmass_r  \\\n",
       "count  287992.000000  287992.000000  287992.000000  287992.000000   \n",
       "mean        5.771789       1.167366       1.167842       1.167017   \n",
       "std         8.032253       0.104144       0.105321       0.103162   \n",
       "min         1.000000       1.000059       1.000012       1.000179   \n",
       "25%         1.000000       1.087197       1.087574       1.086844   \n",
       "50%         2.000000       1.176245       1.175702       1.176605   \n",
       "75%         4.000000       1.216687       1.214527       1.218668   \n",
       "max        41.000000       1.647386       1.659706       1.635451   \n",
       "\n",
       "           airmass_i      airmass_z          class  \n",
       "count  287992.000000  287992.000000  287992.000000  \n",
       "mean        1.167175       1.167587       1.157893  \n",
       "std         0.103628       0.104707       0.917556  \n",
       "min         1.000109       1.000027       0.000000  \n",
       "25%         1.087079       1.087370       0.000000  \n",
       "50%         1.176461       1.175886       2.000000  \n",
       "75%         1.217773       1.215461       2.000000  \n",
       "max         1.641370       1.653493       2.000000  "
      ]
     },
     "execution_count": 7,
     "metadata": {},
     "output_type": "execute_result"
    }
   ],
   "source": [
    "train.describe()"
   ]
  },
  {
   "cell_type": "code",
   "execution_count": 9,
   "metadata": {},
   "outputs": [
    {
     "data": {
      "text/html": [
       "<div>\n",
       "<style scoped>\n",
       "    .dataframe tbody tr th:only-of-type {\n",
       "        vertical-align: middle;\n",
       "    }\n",
       "\n",
       "    .dataframe tbody tr th {\n",
       "        vertical-align: top;\n",
       "    }\n",
       "\n",
       "    .dataframe thead th {\n",
       "        text-align: right;\n",
       "    }\n",
       "</style>\n",
       "<table border=\"1\" class=\"dataframe\">\n",
       "  <thead>\n",
       "    <tr style=\"text-align: right;\">\n",
       "      <th></th>\n",
       "      <th>u</th>\n",
       "      <th>g</th>\n",
       "      <th>r</th>\n",
       "      <th>i</th>\n",
       "      <th>z</th>\n",
       "      <th>redshift</th>\n",
       "      <th>dered_u</th>\n",
       "      <th>dered_g</th>\n",
       "      <th>dered_r</th>\n",
       "      <th>dered_i</th>\n",
       "      <th>dered_z</th>\n",
       "      <th>nObserve</th>\n",
       "      <th>nDetect</th>\n",
       "      <th>airmass_u</th>\n",
       "      <th>airmass_g</th>\n",
       "      <th>airmass_r</th>\n",
       "      <th>airmass_i</th>\n",
       "      <th>airmass_z</th>\n",
       "      <th>class</th>\n",
       "    </tr>\n",
       "  </thead>\n",
       "  <tbody>\n",
       "    <tr>\n",
       "      <th>u</th>\n",
       "      <td>1.000000</td>\n",
       "      <td>0.924250</td>\n",
       "      <td>0.818819</td>\n",
       "      <td>0.655541</td>\n",
       "      <td>0.514186</td>\n",
       "      <td>-0.030079</td>\n",
       "      <td>0.967304</td>\n",
       "      <td>0.897622</td>\n",
       "      <td>0.791707</td>\n",
       "      <td>0.630169</td>\n",
       "      <td>0.492436</td>\n",
       "      <td>0.261388</td>\n",
       "      <td>0.259918</td>\n",
       "      <td>0.074451</td>\n",
       "      <td>0.074155</td>\n",
       "      <td>0.074632</td>\n",
       "      <td>0.074557</td>\n",
       "      <td>0.074318</td>\n",
       "      <td>-0.382418</td>\n",
       "    </tr>\n",
       "    <tr>\n",
       "      <th>g</th>\n",
       "      <td>0.924250</td>\n",
       "      <td>1.000000</td>\n",
       "      <td>0.947068</td>\n",
       "      <td>0.823887</td>\n",
       "      <td>0.695431</td>\n",
       "      <td>-0.022672</td>\n",
       "      <td>0.911158</td>\n",
       "      <td>0.978796</td>\n",
       "      <td>0.927322</td>\n",
       "      <td>0.801600</td>\n",
       "      <td>0.677529</td>\n",
       "      <td>0.257400</td>\n",
       "      <td>0.254992</td>\n",
       "      <td>0.070268</td>\n",
       "      <td>0.069772</td>\n",
       "      <td>0.070659</td>\n",
       "      <td>0.070478</td>\n",
       "      <td>0.070034</td>\n",
       "      <td>-0.384142</td>\n",
       "    </tr>\n",
       "    <tr>\n",
       "      <th>r</th>\n",
       "      <td>0.818819</td>\n",
       "      <td>0.947068</td>\n",
       "      <td>1.000000</td>\n",
       "      <td>0.934249</td>\n",
       "      <td>0.847925</td>\n",
       "      <td>-0.027504</td>\n",
       "      <td>0.810727</td>\n",
       "      <td>0.935415</td>\n",
       "      <td>0.983926</td>\n",
       "      <td>0.919278</td>\n",
       "      <td>0.835222</td>\n",
       "      <td>0.250049</td>\n",
       "      <td>0.246775</td>\n",
       "      <td>0.070918</td>\n",
       "      <td>0.070347</td>\n",
       "      <td>0.071384</td>\n",
       "      <td>0.071166</td>\n",
       "      <td>0.070647</td>\n",
       "      <td>-0.404517</td>\n",
       "    </tr>\n",
       "    <tr>\n",
       "      <th>i</th>\n",
       "      <td>0.655541</td>\n",
       "      <td>0.823887</td>\n",
       "      <td>0.934249</td>\n",
       "      <td>1.000000</td>\n",
       "      <td>0.958299</td>\n",
       "      <td>-0.026971</td>\n",
       "      <td>0.654556</td>\n",
       "      <td>0.818959</td>\n",
       "      <td>0.929827</td>\n",
       "      <td>0.989129</td>\n",
       "      <td>0.950285</td>\n",
       "      <td>0.247390</td>\n",
       "      <td>0.243494</td>\n",
       "      <td>0.076921</td>\n",
       "      <td>0.076553</td>\n",
       "      <td>0.077172</td>\n",
       "      <td>0.077063</td>\n",
       "      <td>0.076753</td>\n",
       "      <td>-0.393087</td>\n",
       "    </tr>\n",
       "    <tr>\n",
       "      <th>z</th>\n",
       "      <td>0.514186</td>\n",
       "      <td>0.695431</td>\n",
       "      <td>0.847925</td>\n",
       "      <td>0.958299</td>\n",
       "      <td>1.000000</td>\n",
       "      <td>-0.025737</td>\n",
       "      <td>0.515556</td>\n",
       "      <td>0.695850</td>\n",
       "      <td>0.848791</td>\n",
       "      <td>0.954919</td>\n",
       "      <td>0.991073</td>\n",
       "      <td>0.234123</td>\n",
       "      <td>0.230036</td>\n",
       "      <td>0.075586</td>\n",
       "      <td>0.075331</td>\n",
       "      <td>0.075723</td>\n",
       "      <td>0.075670</td>\n",
       "      <td>0.075474</td>\n",
       "      <td>-0.378249</td>\n",
       "    </tr>\n",
       "    <tr>\n",
       "      <th>redshift</th>\n",
       "      <td>-0.030079</td>\n",
       "      <td>-0.022672</td>\n",
       "      <td>-0.027504</td>\n",
       "      <td>-0.026971</td>\n",
       "      <td>-0.025737</td>\n",
       "      <td>1.000000</td>\n",
       "      <td>-0.027785</td>\n",
       "      <td>-0.018776</td>\n",
       "      <td>-0.024423</td>\n",
       "      <td>-0.024421</td>\n",
       "      <td>-0.024477</td>\n",
       "      <td>-0.018339</td>\n",
       "      <td>-0.018361</td>\n",
       "      <td>-0.003869</td>\n",
       "      <td>-0.003799</td>\n",
       "      <td>-0.003933</td>\n",
       "      <td>-0.003902</td>\n",
       "      <td>-0.003835</td>\n",
       "      <td>0.124001</td>\n",
       "    </tr>\n",
       "    <tr>\n",
       "      <th>dered_u</th>\n",
       "      <td>0.967304</td>\n",
       "      <td>0.911158</td>\n",
       "      <td>0.810727</td>\n",
       "      <td>0.654556</td>\n",
       "      <td>0.515556</td>\n",
       "      <td>-0.027785</td>\n",
       "      <td>1.000000</td>\n",
       "      <td>0.928542</td>\n",
       "      <td>0.820652</td>\n",
       "      <td>0.657069</td>\n",
       "      <td>0.517079</td>\n",
       "      <td>0.252392</td>\n",
       "      <td>0.251276</td>\n",
       "      <td>0.069587</td>\n",
       "      <td>0.069329</td>\n",
       "      <td>0.069734</td>\n",
       "      <td>0.069675</td>\n",
       "      <td>0.069473</td>\n",
       "      <td>-0.360818</td>\n",
       "    </tr>\n",
       "    <tr>\n",
       "      <th>dered_g</th>\n",
       "      <td>0.897622</td>\n",
       "      <td>0.978796</td>\n",
       "      <td>0.935415</td>\n",
       "      <td>0.818959</td>\n",
       "      <td>0.695850</td>\n",
       "      <td>-0.018776</td>\n",
       "      <td>0.928542</td>\n",
       "      <td>1.000000</td>\n",
       "      <td>0.948439</td>\n",
       "      <td>0.823384</td>\n",
       "      <td>0.698179</td>\n",
       "      <td>0.245638</td>\n",
       "      <td>0.243586</td>\n",
       "      <td>0.064401</td>\n",
       "      <td>0.063932</td>\n",
       "      <td>0.064768</td>\n",
       "      <td>0.064598</td>\n",
       "      <td>0.064180</td>\n",
       "      <td>-0.358360</td>\n",
       "    </tr>\n",
       "    <tr>\n",
       "      <th>dered_r</th>\n",
       "      <td>0.791707</td>\n",
       "      <td>0.927322</td>\n",
       "      <td>0.983926</td>\n",
       "      <td>0.929827</td>\n",
       "      <td>0.848791</td>\n",
       "      <td>-0.024423</td>\n",
       "      <td>0.820652</td>\n",
       "      <td>0.948439</td>\n",
       "      <td>1.000000</td>\n",
       "      <td>0.936940</td>\n",
       "      <td>0.852393</td>\n",
       "      <td>0.240136</td>\n",
       "      <td>0.237133</td>\n",
       "      <td>0.066330</td>\n",
       "      <td>0.065786</td>\n",
       "      <td>0.066773</td>\n",
       "      <td>0.066566</td>\n",
       "      <td>0.066072</td>\n",
       "      <td>-0.383192</td>\n",
       "    </tr>\n",
       "    <tr>\n",
       "      <th>dered_i</th>\n",
       "      <td>0.630169</td>\n",
       "      <td>0.801600</td>\n",
       "      <td>0.919278</td>\n",
       "      <td>0.989129</td>\n",
       "      <td>0.954919</td>\n",
       "      <td>-0.024421</td>\n",
       "      <td>0.657069</td>\n",
       "      <td>0.823384</td>\n",
       "      <td>0.936940</td>\n",
       "      <td>1.000000</td>\n",
       "      <td>0.960324</td>\n",
       "      <td>0.237765</td>\n",
       "      <td>0.234144</td>\n",
       "      <td>0.072651</td>\n",
       "      <td>0.072301</td>\n",
       "      <td>0.072888</td>\n",
       "      <td>0.072785</td>\n",
       "      <td>0.072492</td>\n",
       "      <td>-0.373521</td>\n",
       "    </tr>\n",
       "    <tr>\n",
       "      <th>dered_z</th>\n",
       "      <td>0.492436</td>\n",
       "      <td>0.677529</td>\n",
       "      <td>0.835222</td>\n",
       "      <td>0.950285</td>\n",
       "      <td>0.991073</td>\n",
       "      <td>-0.024477</td>\n",
       "      <td>0.517079</td>\n",
       "      <td>0.698179</td>\n",
       "      <td>0.852393</td>\n",
       "      <td>0.960324</td>\n",
       "      <td>1.000000</td>\n",
       "      <td>0.226599</td>\n",
       "      <td>0.222715</td>\n",
       "      <td>0.072276</td>\n",
       "      <td>0.072033</td>\n",
       "      <td>0.072404</td>\n",
       "      <td>0.072356</td>\n",
       "      <td>0.072170</td>\n",
       "      <td>-0.363875</td>\n",
       "    </tr>\n",
       "    <tr>\n",
       "      <th>nObserve</th>\n",
       "      <td>0.261388</td>\n",
       "      <td>0.257400</td>\n",
       "      <td>0.250049</td>\n",
       "      <td>0.247390</td>\n",
       "      <td>0.234123</td>\n",
       "      <td>-0.018339</td>\n",
       "      <td>0.252392</td>\n",
       "      <td>0.245638</td>\n",
       "      <td>0.240136</td>\n",
       "      <td>0.237765</td>\n",
       "      <td>0.226599</td>\n",
       "      <td>1.000000</td>\n",
       "      <td>0.995626</td>\n",
       "      <td>0.262686</td>\n",
       "      <td>0.266612</td>\n",
       "      <td>0.258284</td>\n",
       "      <td>0.260548</td>\n",
       "      <td>0.264712</td>\n",
       "      <td>-0.239517</td>\n",
       "    </tr>\n",
       "    <tr>\n",
       "      <th>nDetect</th>\n",
       "      <td>0.259918</td>\n",
       "      <td>0.254992</td>\n",
       "      <td>0.246775</td>\n",
       "      <td>0.243494</td>\n",
       "      <td>0.230036</td>\n",
       "      <td>-0.018361</td>\n",
       "      <td>0.251276</td>\n",
       "      <td>0.243586</td>\n",
       "      <td>0.237133</td>\n",
       "      <td>0.234144</td>\n",
       "      <td>0.222715</td>\n",
       "      <td>0.995626</td>\n",
       "      <td>1.000000</td>\n",
       "      <td>0.262601</td>\n",
       "      <td>0.266563</td>\n",
       "      <td>0.258162</td>\n",
       "      <td>0.260444</td>\n",
       "      <td>0.264644</td>\n",
       "      <td>-0.241622</td>\n",
       "    </tr>\n",
       "    <tr>\n",
       "      <th>airmass_u</th>\n",
       "      <td>0.074451</td>\n",
       "      <td>0.070268</td>\n",
       "      <td>0.070918</td>\n",
       "      <td>0.076921</td>\n",
       "      <td>0.075586</td>\n",
       "      <td>-0.003869</td>\n",
       "      <td>0.069587</td>\n",
       "      <td>0.064401</td>\n",
       "      <td>0.066330</td>\n",
       "      <td>0.072651</td>\n",
       "      <td>0.072276</td>\n",
       "      <td>0.262686</td>\n",
       "      <td>0.262601</td>\n",
       "      <td>1.000000</td>\n",
       "      <td>0.999282</td>\n",
       "      <td>0.999255</td>\n",
       "      <td>0.999815</td>\n",
       "      <td>0.999819</td>\n",
       "      <td>-0.065580</td>\n",
       "    </tr>\n",
       "    <tr>\n",
       "      <th>airmass_g</th>\n",
       "      <td>0.074155</td>\n",
       "      <td>0.069772</td>\n",
       "      <td>0.070347</td>\n",
       "      <td>0.076553</td>\n",
       "      <td>0.075331</td>\n",
       "      <td>-0.003799</td>\n",
       "      <td>0.069329</td>\n",
       "      <td>0.063932</td>\n",
       "      <td>0.065786</td>\n",
       "      <td>0.072301</td>\n",
       "      <td>0.072033</td>\n",
       "      <td>0.266612</td>\n",
       "      <td>0.266563</td>\n",
       "      <td>0.999282</td>\n",
       "      <td>1.000000</td>\n",
       "      <td>0.997076</td>\n",
       "      <td>0.998370</td>\n",
       "      <td>0.999822</td>\n",
       "      <td>-0.065073</td>\n",
       "    </tr>\n",
       "    <tr>\n",
       "      <th>airmass_r</th>\n",
       "      <td>0.074632</td>\n",
       "      <td>0.070659</td>\n",
       "      <td>0.071384</td>\n",
       "      <td>0.077172</td>\n",
       "      <td>0.075723</td>\n",
       "      <td>-0.003933</td>\n",
       "      <td>0.069734</td>\n",
       "      <td>0.064768</td>\n",
       "      <td>0.066773</td>\n",
       "      <td>0.072888</td>\n",
       "      <td>0.072404</td>\n",
       "      <td>0.258284</td>\n",
       "      <td>0.258162</td>\n",
       "      <td>0.999255</td>\n",
       "      <td>0.997076</td>\n",
       "      <td>1.000000</td>\n",
       "      <td>0.999812</td>\n",
       "      <td>0.998339</td>\n",
       "      <td>-0.065980</td>\n",
       "    </tr>\n",
       "    <tr>\n",
       "      <th>airmass_i</th>\n",
       "      <td>0.074557</td>\n",
       "      <td>0.070478</td>\n",
       "      <td>0.071166</td>\n",
       "      <td>0.077063</td>\n",
       "      <td>0.075670</td>\n",
       "      <td>-0.003902</td>\n",
       "      <td>0.069675</td>\n",
       "      <td>0.064598</td>\n",
       "      <td>0.066566</td>\n",
       "      <td>0.072785</td>\n",
       "      <td>0.072356</td>\n",
       "      <td>0.260548</td>\n",
       "      <td>0.260444</td>\n",
       "      <td>0.999815</td>\n",
       "      <td>0.998370</td>\n",
       "      <td>0.999812</td>\n",
       "      <td>1.000000</td>\n",
       "      <td>0.999268</td>\n",
       "      <td>-0.065795</td>\n",
       "    </tr>\n",
       "    <tr>\n",
       "      <th>airmass_z</th>\n",
       "      <td>0.074318</td>\n",
       "      <td>0.070034</td>\n",
       "      <td>0.070647</td>\n",
       "      <td>0.076753</td>\n",
       "      <td>0.075474</td>\n",
       "      <td>-0.003835</td>\n",
       "      <td>0.069473</td>\n",
       "      <td>0.064180</td>\n",
       "      <td>0.066072</td>\n",
       "      <td>0.072492</td>\n",
       "      <td>0.072170</td>\n",
       "      <td>0.264712</td>\n",
       "      <td>0.264644</td>\n",
       "      <td>0.999819</td>\n",
       "      <td>0.999822</td>\n",
       "      <td>0.998339</td>\n",
       "      <td>0.999268</td>\n",
       "      <td>1.000000</td>\n",
       "      <td>-0.065342</td>\n",
       "    </tr>\n",
       "    <tr>\n",
       "      <th>class</th>\n",
       "      <td>-0.382418</td>\n",
       "      <td>-0.384142</td>\n",
       "      <td>-0.404517</td>\n",
       "      <td>-0.393087</td>\n",
       "      <td>-0.378249</td>\n",
       "      <td>0.124001</td>\n",
       "      <td>-0.360818</td>\n",
       "      <td>-0.358360</td>\n",
       "      <td>-0.383192</td>\n",
       "      <td>-0.373521</td>\n",
       "      <td>-0.363875</td>\n",
       "      <td>-0.239517</td>\n",
       "      <td>-0.241622</td>\n",
       "      <td>-0.065580</td>\n",
       "      <td>-0.065073</td>\n",
       "      <td>-0.065980</td>\n",
       "      <td>-0.065795</td>\n",
       "      <td>-0.065342</td>\n",
       "      <td>1.000000</td>\n",
       "    </tr>\n",
       "  </tbody>\n",
       "</table>\n",
       "</div>"
      ],
      "text/plain": [
       "                  u         g         r         i         z  redshift  \\\n",
       "u          1.000000  0.924250  0.818819  0.655541  0.514186 -0.030079   \n",
       "g          0.924250  1.000000  0.947068  0.823887  0.695431 -0.022672   \n",
       "r          0.818819  0.947068  1.000000  0.934249  0.847925 -0.027504   \n",
       "i          0.655541  0.823887  0.934249  1.000000  0.958299 -0.026971   \n",
       "z          0.514186  0.695431  0.847925  0.958299  1.000000 -0.025737   \n",
       "redshift  -0.030079 -0.022672 -0.027504 -0.026971 -0.025737  1.000000   \n",
       "dered_u    0.967304  0.911158  0.810727  0.654556  0.515556 -0.027785   \n",
       "dered_g    0.897622  0.978796  0.935415  0.818959  0.695850 -0.018776   \n",
       "dered_r    0.791707  0.927322  0.983926  0.929827  0.848791 -0.024423   \n",
       "dered_i    0.630169  0.801600  0.919278  0.989129  0.954919 -0.024421   \n",
       "dered_z    0.492436  0.677529  0.835222  0.950285  0.991073 -0.024477   \n",
       "nObserve   0.261388  0.257400  0.250049  0.247390  0.234123 -0.018339   \n",
       "nDetect    0.259918  0.254992  0.246775  0.243494  0.230036 -0.018361   \n",
       "airmass_u  0.074451  0.070268  0.070918  0.076921  0.075586 -0.003869   \n",
       "airmass_g  0.074155  0.069772  0.070347  0.076553  0.075331 -0.003799   \n",
       "airmass_r  0.074632  0.070659  0.071384  0.077172  0.075723 -0.003933   \n",
       "airmass_i  0.074557  0.070478  0.071166  0.077063  0.075670 -0.003902   \n",
       "airmass_z  0.074318  0.070034  0.070647  0.076753  0.075474 -0.003835   \n",
       "class     -0.382418 -0.384142 -0.404517 -0.393087 -0.378249  0.124001   \n",
       "\n",
       "            dered_u   dered_g   dered_r   dered_i   dered_z  nObserve  \\\n",
       "u          0.967304  0.897622  0.791707  0.630169  0.492436  0.261388   \n",
       "g          0.911158  0.978796  0.927322  0.801600  0.677529  0.257400   \n",
       "r          0.810727  0.935415  0.983926  0.919278  0.835222  0.250049   \n",
       "i          0.654556  0.818959  0.929827  0.989129  0.950285  0.247390   \n",
       "z          0.515556  0.695850  0.848791  0.954919  0.991073  0.234123   \n",
       "redshift  -0.027785 -0.018776 -0.024423 -0.024421 -0.024477 -0.018339   \n",
       "dered_u    1.000000  0.928542  0.820652  0.657069  0.517079  0.252392   \n",
       "dered_g    0.928542  1.000000  0.948439  0.823384  0.698179  0.245638   \n",
       "dered_r    0.820652  0.948439  1.000000  0.936940  0.852393  0.240136   \n",
       "dered_i    0.657069  0.823384  0.936940  1.000000  0.960324  0.237765   \n",
       "dered_z    0.517079  0.698179  0.852393  0.960324  1.000000  0.226599   \n",
       "nObserve   0.252392  0.245638  0.240136  0.237765  0.226599  1.000000   \n",
       "nDetect    0.251276  0.243586  0.237133  0.234144  0.222715  0.995626   \n",
       "airmass_u  0.069587  0.064401  0.066330  0.072651  0.072276  0.262686   \n",
       "airmass_g  0.069329  0.063932  0.065786  0.072301  0.072033  0.266612   \n",
       "airmass_r  0.069734  0.064768  0.066773  0.072888  0.072404  0.258284   \n",
       "airmass_i  0.069675  0.064598  0.066566  0.072785  0.072356  0.260548   \n",
       "airmass_z  0.069473  0.064180  0.066072  0.072492  0.072170  0.264712   \n",
       "class     -0.360818 -0.358360 -0.383192 -0.373521 -0.363875 -0.239517   \n",
       "\n",
       "            nDetect  airmass_u  airmass_g  airmass_r  airmass_i  airmass_z  \\\n",
       "u          0.259918   0.074451   0.074155   0.074632   0.074557   0.074318   \n",
       "g          0.254992   0.070268   0.069772   0.070659   0.070478   0.070034   \n",
       "r          0.246775   0.070918   0.070347   0.071384   0.071166   0.070647   \n",
       "i          0.243494   0.076921   0.076553   0.077172   0.077063   0.076753   \n",
       "z          0.230036   0.075586   0.075331   0.075723   0.075670   0.075474   \n",
       "redshift  -0.018361  -0.003869  -0.003799  -0.003933  -0.003902  -0.003835   \n",
       "dered_u    0.251276   0.069587   0.069329   0.069734   0.069675   0.069473   \n",
       "dered_g    0.243586   0.064401   0.063932   0.064768   0.064598   0.064180   \n",
       "dered_r    0.237133   0.066330   0.065786   0.066773   0.066566   0.066072   \n",
       "dered_i    0.234144   0.072651   0.072301   0.072888   0.072785   0.072492   \n",
       "dered_z    0.222715   0.072276   0.072033   0.072404   0.072356   0.072170   \n",
       "nObserve   0.995626   0.262686   0.266612   0.258284   0.260548   0.264712   \n",
       "nDetect    1.000000   0.262601   0.266563   0.258162   0.260444   0.264644   \n",
       "airmass_u  0.262601   1.000000   0.999282   0.999255   0.999815   0.999819   \n",
       "airmass_g  0.266563   0.999282   1.000000   0.997076   0.998370   0.999822   \n",
       "airmass_r  0.258162   0.999255   0.997076   1.000000   0.999812   0.998339   \n",
       "airmass_i  0.260444   0.999815   0.998370   0.999812   1.000000   0.999268   \n",
       "airmass_z  0.264644   0.999819   0.999822   0.998339   0.999268   1.000000   \n",
       "class     -0.241622  -0.065580  -0.065073  -0.065980  -0.065795  -0.065342   \n",
       "\n",
       "              class  \n",
       "u         -0.382418  \n",
       "g         -0.384142  \n",
       "r         -0.404517  \n",
       "i         -0.393087  \n",
       "z         -0.378249  \n",
       "redshift   0.124001  \n",
       "dered_u   -0.360818  \n",
       "dered_g   -0.358360  \n",
       "dered_r   -0.383192  \n",
       "dered_i   -0.373521  \n",
       "dered_z   -0.363875  \n",
       "nObserve  -0.239517  \n",
       "nDetect   -0.241622  \n",
       "airmass_u -0.065580  \n",
       "airmass_g -0.065073  \n",
       "airmass_r -0.065980  \n",
       "airmass_i -0.065795  \n",
       "airmass_z -0.065342  \n",
       "class      1.000000  "
      ]
     },
     "execution_count": 9,
     "metadata": {},
     "output_type": "execute_result"
    }
   ],
   "source": [
    "train.corr(method = \"pearson\")"
   ]
  },
  {
   "cell_type": "code",
   "execution_count": 92,
   "metadata": {
    "collapsed": true,
    "jupyter": {
     "outputs_hidden": true
    }
   },
   "outputs": [
    {
     "ename": "KeyError",
     "evalue": "'class'",
     "output_type": "error",
     "traceback": [
      "\u001b[1;31m---------------------------------------------------------------------------\u001b[0m",
      "\u001b[1;31mKeyError\u001b[0m                                  Traceback (most recent call last)",
      "\u001b[1;32m~\\Anaconda3\\lib\\site-packages\\pandas\\core\\indexes\\base.py\u001b[0m in \u001b[0;36mget_loc\u001b[1;34m(self, key, method, tolerance)\u001b[0m\n\u001b[0;32m   2888\u001b[0m             \u001b[1;32mtry\u001b[0m\u001b[1;33m:\u001b[0m\u001b[1;33m\u001b[0m\u001b[1;33m\u001b[0m\u001b[0m\n\u001b[1;32m-> 2889\u001b[1;33m                 \u001b[1;32mreturn\u001b[0m \u001b[0mself\u001b[0m\u001b[1;33m.\u001b[0m\u001b[0m_engine\u001b[0m\u001b[1;33m.\u001b[0m\u001b[0mget_loc\u001b[0m\u001b[1;33m(\u001b[0m\u001b[0mcasted_key\u001b[0m\u001b[1;33m)\u001b[0m\u001b[1;33m\u001b[0m\u001b[1;33m\u001b[0m\u001b[0m\n\u001b[0m\u001b[0;32m   2890\u001b[0m             \u001b[1;32mexcept\u001b[0m \u001b[0mKeyError\u001b[0m \u001b[1;32mas\u001b[0m \u001b[0merr\u001b[0m\u001b[1;33m:\u001b[0m\u001b[1;33m\u001b[0m\u001b[1;33m\u001b[0m\u001b[0m\n",
      "\u001b[1;32mpandas\\_libs\\index.pyx\u001b[0m in \u001b[0;36mpandas._libs.index.IndexEngine.get_loc\u001b[1;34m()\u001b[0m\n",
      "\u001b[1;32mpandas\\_libs\\index.pyx\u001b[0m in \u001b[0;36mpandas._libs.index.IndexEngine.get_loc\u001b[1;34m()\u001b[0m\n",
      "\u001b[1;32mpandas\\_libs\\hashtable_class_helper.pxi\u001b[0m in \u001b[0;36mpandas._libs.hashtable.PyObjectHashTable.get_item\u001b[1;34m()\u001b[0m\n",
      "\u001b[1;32mpandas\\_libs\\hashtable_class_helper.pxi\u001b[0m in \u001b[0;36mpandas._libs.hashtable.PyObjectHashTable.get_item\u001b[1;34m()\u001b[0m\n",
      "\u001b[1;31mKeyError\u001b[0m: 'class'",
      "\nThe above exception was the direct cause of the following exception:\n",
      "\u001b[1;31mKeyError\u001b[0m                                  Traceback (most recent call last)",
