{
 "cells": [
  {
   "cell_type": "code",
   "execution_count": 1,
   "metadata": {},
   "outputs": [
    {
     "data": {
      "text/html": [
       "        <script type=\"text/javascript\">\n",
       "        window.PlotlyConfig = {MathJaxConfig: 'local'};\n",
       "        if (window.MathJax) {MathJax.Hub.Config({SVG: {font: \"STIX-Web\"}});}\n",
       "        if (typeof require !== 'undefined') {\n",
       "        require.undef(\"plotly\");\n",
       "        requirejs.config({\n",
       "            paths: {\n",
       "                'plotly': ['https://cdn.plot.ly/plotly-latest.min']\n",
       "            }\n",
       "        });\n",
       "        require(['plotly'], function(Plotly) {\n",
       "            window._Plotly = Plotly;\n",
       "        });\n",
       "        }\n",
       "        </script>\n",
       "        "
      ]
     },
     "metadata": {},
     "output_type": "display_data"
    }
   ],
   "source": [
    "import os\n",
    "import pandas as pd\n",
    "import numpy as np\n",
    "import xgboost\n",
    "import plotly.graph_objs as go\n",
    "import matplotlib.pyplot as plt\n",
    "\n",
    "\n",
    "from sklearn.preprocessing import MinMaxScaler\n",
    "from sklearn.model_selection import train_test_split\n",
    "from sklearn.model_selection import GridSearchCV\n",
    "from sklearn.metrics import accuracy_score\n",
    "from sklearn.ensemble import IsolationForest\n",
    "from sklearn.decomposition import PCA\n",
    "from tensorflow import keras\n",
    "from xgboost import plot_importance\n",
    "from plotly.offline import plot\n",
    "from plotly.offline import init_notebook_mode\n",
    "\n",
    "init_notebook_mode(connected = True)\n"
   ]
  },
  {
   "cell_type": "code",
   "execution_count": 236,
   "metadata": {},
   "outputs": [
    {
     "data": {
      "text/plain": [
       "'C:\\\\Users\\\\Family\\\\Documents\\\\GitHub\\\\Astro'"
      ]
     },
     "execution_count": 236,
     "metadata": {},
     "output_type": "execute_result"
    }
   ],
   "source": [
    "os.getcwd()"
   ]
  },
  {
   "cell_type": "code",
   "execution_count": 2,
   "metadata": {},
   "outputs": [],
   "source": [
    "train = pd.read_csv(\"./RawData/train.csv\")\n",
    "train = train.drop([\"id\"], axis = \"columns\")"
   ]
  },
  {
   "cell_type": "code",
   "execution_count": 3,
   "metadata": {},
   "outputs": [],
   "source": [
    "clf = IsolationForest(n_estimators = 300)\n",
    "clf.fit(train)\n",
    "pred = clf.predict(train)\n",
    "train[\"anomaly\"] = pred\n",
    "\n",
    "train = train.loc[train[\"anomaly\"] != -1]\n",
    "train = train.drop(\"anomaly\", axis = \"columns\")"
   ]
  },
  {
   "cell_type": "code",
   "execution_count": 265,
   "metadata": {},
   "outputs": [
    {
     "data": {
      "text/html": [
       "<div>\n",
       "<style scoped>\n",
       "    .dataframe tbody tr th:only-of-type {\n",
       "        vertical-align: middle;\n",
       "    }\n",
       "\n",
       "    .dataframe tbody tr th {\n",
       "        vertical-align: top;\n",
       "    }\n",
       "\n",
       "    .dataframe thead th {\n",
       "        text-align: right;\n",
       "    }\n",
       "</style>\n",
       "<table border=\"1\" class=\"dataframe\">\n",
       "  <thead>\n",
       "    <tr style=\"text-align: right;\">\n",
       "      <th></th>\n",
       "      <th>u</th>\n",
       "      <th>g</th>\n",
       "      <th>r</th>\n",
       "      <th>i</th>\n",
       "      <th>z</th>\n",
       "      <th>redshift</th>\n",
       "      <th>dered_u</th>\n",
       "      <th>dered_g</th>\n",
       "      <th>dered_r</th>\n",
       "      <th>dered_i</th>\n",
       "      <th>dered_z</th>\n",
       "      <th>nObserve</th>\n",
       "      <th>nDetect</th>\n",
       "      <th>airmass_u</th>\n",
       "      <th>airmass_g</th>\n",
       "      <th>airmass_r</th>\n",
       "      <th>airmass_i</th>\n",
       "      <th>airmass_z</th>\n",
       "      <th>class</th>\n",
       "    </tr>\n",
       "  </thead>\n",
       "  <tbody>\n",
       "    <tr>\n",
       "      <th>count</th>\n",
       "      <td>271436.000000</td>\n",
       "      <td>271436.000000</td>\n",
       "      <td>271436.000000</td>\n",
       "      <td>271436.000000</td>\n",
       "      <td>271436.000000</td>\n",
       "      <td>271436.000000</td>\n",
       "      <td>271436.000000</td>\n",
       "      <td>271436.000000</td>\n",
       "      <td>271436.000000</td>\n",
       "      <td>271436.000000</td>\n",
       "      <td>271436.000000</td>\n",
       "      <td>271436.000000</td>\n",
       "      <td>271436.000000</td>\n",
       "      <td>271436.000000</td>\n",
       "      <td>271436.000000</td>\n",
       "      <td>271436.000000</td>\n",
       "      <td>271436.000000</td>\n",
       "      <td>271436.000000</td>\n",
       "      <td>271436.000000</td>\n",
       "    </tr>\n",
       "    <tr>\n",
       "      <th>mean</th>\n",
       "      <td>19.641930</td>\n",
       "      <td>18.237203</td>\n",
       "      <td>17.576619</td>\n",
       "      <td>17.189570</td>\n",
       "      <td>16.899771</td>\n",
       "      <td>0.059588</td>\n",
       "      <td>19.459596</td>\n",
       "      <td>18.092043</td>\n",
       "      <td>17.475915</td>\n",
       "      <td>17.114803</td>\n",
       "      <td>16.836809</td>\n",
       "      <td>5.846745</td>\n",
       "      <td>5.712422</td>\n",
       "      <td>1.161838</td>\n",
       "      <td>1.162131</td>\n",
       "      <td>1.161670</td>\n",
       "      <td>1.161738</td>\n",
       "      <td>1.161968</td>\n",
       "      <td>1.191994</td>\n",
       "    </tr>\n",
       "    <tr>\n",
       "      <th>std</th>\n",
       "      <td>1.531686</td>\n",
       "      <td>1.218757</td>\n",
       "      <td>1.062318</td>\n",
       "      <td>0.999557</td>\n",
       "      <td>24.373434</td>\n",
       "      <td>0.344468</td>\n",
       "      <td>1.488982</td>\n",
       "      <td>1.188908</td>\n",
       "      <td>1.046085</td>\n",
       "      <td>0.991696</td>\n",
       "      <td>27.206814</td>\n",
       "      <td>8.179031</td>\n",
       "      <td>7.943147</td>\n",
       "      <td>0.095012</td>\n",
       "      <td>0.095668</td>\n",
       "      <td>0.094548</td>\n",
       "      <td>0.094756</td>\n",
       "      <td>0.095316</td>\n",
       "      <td>0.908649</td>\n",
       "    </tr>\n",
       "    <tr>\n",
       "      <th>min</th>\n",
       "      <td>10.081344</td>\n",
       "      <td>14.975357</td>\n",
       "      <td>14.043669</td>\n",
       "      <td>12.242290</td>\n",
       "      <td>-9791.561274</td>\n",
       "      <td>-86.618158</td>\n",
       "      <td>14.381620</td>\n",
       "      <td>13.562930</td>\n",
       "      <td>13.912000</td>\n",
       "      <td>12.078640</td>\n",
       "      <td>-9999.000000</td>\n",
       "      <td>1.000000</td>\n",
       "      <td>1.000000</td>\n",
       "      <td>1.000059</td>\n",
       "      <td>1.000012</td>\n",
       "      <td>1.000179</td>\n",
       "      <td>1.000109</td>\n",
       "      <td>1.000027</td>\n",
       "      <td>0.000000</td>\n",
       "    </tr>\n",
       "    <tr>\n",
       "      <th>25%</th>\n",
       "      <td>18.740150</td>\n",
       "      <td>17.501029</td>\n",
       "      <td>16.908777</td>\n",
       "      <td>16.554286</td>\n",
       "      <td>16.319118</td>\n",
       "      <td>0.000073</td>\n",
       "      <td>18.593637</td>\n",
       "      <td>17.383210</td>\n",
       "      <td>16.824185</td>\n",
       "      <td>16.488277</td>\n",
       "      <td>16.267997</td>\n",
       "      <td>1.000000</td>\n",
       "      <td>1.000000</td>\n",
       "      <td>1.086601</td>\n",
       "      <td>1.087003</td>\n",
       "      <td>1.086323</td>\n",
       "      <td>1.086516</td>\n",
       "      <td>1.086830</td>\n",
       "      <td>0.000000</td>\n",
       "    </tr>\n",
       "    <tr>\n",
       "      <th>50%</th>\n",
       "      <td>19.356823</td>\n",
       "      <td>18.091417</td>\n",
       "      <td>17.482649</td>\n",
       "      <td>17.107607</td>\n",
       "      <td>16.875365</td>\n",
       "      <td>0.055490</td>\n",
       "      <td>19.210200</td>\n",
       "      <td>17.978265</td>\n",
       "      <td>17.402480</td>\n",
       "      <td>17.046970</td>\n",
       "      <td>16.828920</td>\n",
       "      <td>2.000000</td>\n",
       "      <td>2.000000</td>\n",
       "      <td>1.173573</td>\n",
       "      <td>1.173068</td>\n",
       "      <td>1.174134</td>\n",
       "      <td>1.173867</td>\n",
       "      <td>1.173339</td>\n",
       "      <td>2.000000</td>\n",
       "    </tr>\n",
       "    <tr>\n",
       "      <th>75%</th>\n",
       "      <td>20.117558</td>\n",
       "      <td>18.698384</td>\n",
       "      <td>18.026036</td>\n",
       "      <td>17.662443</td>\n",
       "      <td>17.456378</td>\n",
       "      <td>0.097262</td>\n",
       "      <td>19.925305</td>\n",
       "      <td>18.547863</td>\n",
       "      <td>17.907485</td>\n",
       "      <td>17.576705</td>\n",
       "      <td>17.393160</td>\n",
       "      <td>4.000000</td>\n",
       "      <td>4.000000</td>\n",
       "      <td>1.210865</td>\n",
       "      <td>1.209931</td>\n",
       "      <td>1.211320</td>\n",
       "      <td>1.211057</td>\n",
       "      <td>1.210232</td>\n",
       "      <td>2.000000</td>\n",
       "    </tr>\n",
       "    <tr>\n",
       "      <th>max</th>\n",
       "      <td>33.388600</td>\n",
       "      <td>31.765897</td>\n",
       "      <td>30.639861</td>\n",
       "      <td>28.494407</td>\n",
       "      <td>28.748876</td>\n",
       "      <td>62.323343</td>\n",
       "      <td>29.672990</td>\n",
       "      <td>29.925390</td>\n",
       "      <td>25.558920</td>\n",
       "      <td>28.227670</td>\n",
       "      <td>26.108300</td>\n",
       "      <td>43.000000</td>\n",
       "      <td>41.000000</td>\n",
       "      <td>1.509738</td>\n",
       "      <td>1.523230</td>\n",
       "      <td>1.514571</td>\n",
       "      <td>1.509467</td>\n",
       "      <td>1.516430</td>\n",
       "      <td>2.000000</td>\n",
       "    </tr>\n",
       "  </tbody>\n",
       "</table>\n",
       "</div>"
      ],
      "text/plain": [
       "                   u              g              r              i  \\\n",
       "count  271436.000000  271436.000000  271436.000000  271436.000000   \n",
       "mean       19.641930      18.237203      17.576619      17.189570   \n",
       "std         1.531686       1.218757       1.062318       0.999557   \n",
       "min        10.081344      14.975357      14.043669      12.242290   \n",
       "25%        18.740150      17.501029      16.908777      16.554286   \n",
       "50%        19.356823      18.091417      17.482649      17.107607   \n",
       "75%        20.117558      18.698384      18.026036      17.662443   \n",
       "max        33.388600      31.765897      30.639861      28.494407   \n",
       "\n",
       "                   z       redshift        dered_u        dered_g  \\\n",
       "count  271436.000000  271436.000000  271436.000000  271436.000000   \n",
       "mean       16.899771       0.059588      19.459596      18.092043   \n",
       "std        24.373434       0.344468       1.488982       1.188908   \n",
       "min     -9791.561274     -86.618158      14.381620      13.562930   \n",
       "25%        16.319118       0.000073      18.593637      17.383210   \n",
       "50%        16.875365       0.055490      19.210200      17.978265   \n",
       "75%        17.456378       0.097262      19.925305      18.547863   \n",
       "max        28.748876      62.323343      29.672990      29.925390   \n",
       "\n",
       "             dered_r        dered_i        dered_z       nObserve  \\\n",
       "count  271436.000000  271436.000000  271436.000000  271436.000000   \n",
       "mean       17.475915      17.114803      16.836809       5.846745   \n",
       "std         1.046085       0.991696      27.206814       8.179031   \n",
       "min        13.912000      12.078640   -9999.000000       1.000000   \n",
       "25%        16.824185      16.488277      16.267997       1.000000   \n",
       "50%        17.402480      17.046970      16.828920       2.000000   \n",
       "75%        17.907485      17.576705      17.393160       4.000000   \n",
       "max        25.558920      28.227670      26.108300      43.000000   \n",
       "\n",
       "             nDetect      airmass_u      airmass_g      airmass_r  \\\n",
       "count  271436.000000  271436.000000  271436.000000  271436.000000   \n",
       "mean        5.712422       1.161838       1.162131       1.161670   \n",
       "std         7.943147       0.095012       0.095668       0.094548   \n",
       "min         1.000000       1.000059       1.000012       1.000179   \n",
       "25%         1.000000       1.086601       1.087003       1.086323   \n",
       "50%         2.000000       1.173573       1.173068       1.174134   \n",
       "75%         4.000000       1.210865       1.209931       1.211320   \n",
       "max        41.000000       1.509738       1.523230       1.514571   \n",
       "\n",
       "           airmass_i      airmass_z          class  \n",
       "count  271436.000000  271436.000000  271436.000000  \n",
       "mean        1.161738       1.161968       1.191994  \n",
       "std         0.094756       0.095316       0.908649  \n",
       "min         1.000109       1.000027       0.000000  \n",
       "25%         1.086516       1.086830       0.000000  \n",
       "50%         1.173867       1.173339       2.000000  \n",
       "75%         1.211057       1.210232       2.000000  \n",
       "max         1.509467       1.516430       2.000000  "
      ]
     },
     "execution_count": 265,
     "metadata": {},
     "output_type": "execute_result"
    }
   ],
   "source": [
    "train.describe()"
   ]
  },
  {
   "cell_type": "code",
   "execution_count": 256,
   "metadata": {},
   "outputs": [
    {
     "data": {
      "text/html": [
       "<div>\n",
       "<style scoped>\n",
       "    .dataframe tbody tr th:only-of-type {\n",
       "        vertical-align: middle;\n",
       "    }\n",
       "\n",
       "    .dataframe tbody tr th {\n",
       "        vertical-align: top;\n",
       "    }\n",
       "\n",
       "    .dataframe thead th {\n",
       "        text-align: right;\n",
       "    }\n",
       "</style>\n",
       "<table border=\"1\" class=\"dataframe\">\n",
       "  <thead>\n",
       "    <tr style=\"text-align: right;\">\n",
       "      <th></th>\n",
       "      <th>u</th>\n",
       "      <th>g</th>\n",
       "      <th>r</th>\n",
       "      <th>i</th>\n",
       "      <th>z</th>\n",
       "      <th>redshift</th>\n",
       "      <th>dered_u</th>\n",
       "      <th>dered_g</th>\n",
       "      <th>dered_r</th>\n",
       "      <th>dered_i</th>\n",
       "      <th>dered_z</th>\n",
       "      <th>nObserve</th>\n",
       "      <th>nDetect</th>\n",
       "      <th>airmass_u</th>\n",
       "      <th>airmass_g</th>\n",
       "      <th>airmass_r</th>\n",
       "      <th>airmass_i</th>\n",
       "      <th>airmass_z</th>\n",
       "      <th>class</th>\n",
       "    </tr>\n",
       "  </thead>\n",
       "  <tbody>\n",
       "    <tr>\n",
       "      <th>u</th>\n",
       "      <td>1.000000</td>\n",
       "      <td>0.920384</td>\n",
       "      <td>0.790114</td>\n",
       "      <td>0.625414</td>\n",
       "      <td>0.021315</td>\n",
       "      <td>-0.021900</td>\n",
       "      <td>0.971121</td>\n",
       "      <td>0.894310</td>\n",
       "      <td>0.763670</td>\n",
       "      <td>0.599717</td>\n",
       "      <td>0.018283</td>\n",
       "      <td>0.277655</td>\n",
       "      <td>0.277101</td>\n",
       "      <td>0.108146</td>\n",
       "      <td>0.108394</td>\n",
       "      <td>0.107712</td>\n",
       "      <td>0.107954</td>\n",
       "      <td>0.108295</td>\n",
       "      <td>-0.343683</td>\n",
       "    </tr>\n",
       "    <tr>\n",
       "      <th>g</th>\n",
       "      <td>0.920384</td>\n",
       "      <td>1.000000</td>\n",
       "      <td>0.941895</td>\n",
       "      <td>0.818393</td>\n",
       "      <td>0.029261</td>\n",
       "      <td>-0.013847</td>\n",
       "      <td>0.905614</td>\n",
       "      <td>0.979470</td>\n",
       "      <td>0.919894</td>\n",
       "      <td>0.795859</td>\n",
       "      <td>0.025428</td>\n",
       "      <td>0.281117</td>\n",
       "      <td>0.279468</td>\n",
       "      <td>0.109217</td>\n",
       "      <td>0.109285</td>\n",
       "      <td>0.108960</td>\n",
       "      <td>0.109114</td>\n",
       "      <td>0.109276</td>\n",
       "      <td>-0.348025</td>\n",
       "    </tr>\n",
       "    <tr>\n",
       "      <th>r</th>\n",
       "      <td>0.790114</td>\n",
       "      <td>0.941895</td>\n",
       "      <td>1.000000</td>\n",
       "      <td>0.942721</td>\n",
       "      <td>0.035680</td>\n",
       "      <td>-0.020137</td>\n",
       "      <td>0.781902</td>\n",
       "      <td>0.930507</td>\n",
       "      <td>0.986870</td>\n",
       "      <td>0.927720</td>\n",
       "      <td>0.031285</td>\n",
       "      <td>0.270437</td>\n",
       "      <td>0.267918</td>\n",
       "      <td>0.105917</td>\n",
       "      <td>0.105972</td>\n",
       "      <td>0.105678</td>\n",
       "      <td>0.105822</td>\n",
       "      <td>0.105969</td>\n",
       "      <td>-0.376357</td>\n",
       "    </tr>\n",
       "    <tr>\n",
       "      <th>i</th>\n",
       "      <td>0.625414</td>\n",
       "      <td>0.818393</td>\n",
       "      <td>0.942721</td>\n",
       "      <td>1.000000</td>\n",
       "      <td>0.039693</td>\n",
       "      <td>-0.022409</td>\n",
       "      <td>0.621505</td>\n",
       "      <td>0.814455</td>\n",
       "      <td>0.937730</td>\n",
       "      <td>0.991084</td>\n",
       "      <td>0.035044</td>\n",
       "      <td>0.256186</td>\n",
       "      <td>0.253229</td>\n",
       "      <td>0.100996</td>\n",
       "      <td>0.101309</td>\n",
       "      <td>0.100505</td>\n",
       "      <td>0.100774</td>\n",
       "      <td>0.101177</td>\n",
       "      <td>-0.374995</td>\n",
       "    </tr>\n",
       "    <tr>\n",
       "      <th>z</th>\n",
       "      <td>0.021315</td>\n",
       "      <td>0.029261</td>\n",
       "      <td>0.035680</td>\n",
       "      <td>0.039693</td>\n",
       "      <td>1.000000</td>\n",
       "      <td>-0.001416</td>\n",
       "      <td>0.021185</td>\n",
       "      <td>0.029210</td>\n",
       "      <td>0.035609</td>\n",
       "      <td>0.039492</td>\n",
       "      <td>0.995158</td>\n",
       "      <td>0.010325</td>\n",
       "      <td>0.010328</td>\n",
       "      <td>0.000848</td>\n",
       "      <td>0.000866</td>\n",
       "      <td>0.000827</td>\n",
       "      <td>0.000838</td>\n",
       "      <td>0.000857</td>\n",
       "      <td>-0.017929</td>\n",
       "    </tr>\n",
       "    <tr>\n",
       "      <th>redshift</th>\n",
       "      <td>-0.021900</td>\n",
       "      <td>-0.013847</td>\n",
       "      <td>-0.020137</td>\n",
       "      <td>-0.022409</td>\n",
       "      <td>-0.001416</td>\n",
       "      <td>1.000000</td>\n",
       "      <td>-0.018948</td>\n",
       "      <td>-0.009416</td>\n",
       "      <td>-0.016750</td>\n",
       "      <td>-0.019786</td>\n",
       "      <td>-0.001231</td>\n",
       "      <td>-0.020227</td>\n",
       "      <td>-0.020294</td>\n",
       "      <td>-0.007961</td>\n",
       "      <td>-0.007953</td>\n",
       "      <td>-0.007954</td>\n",
       "      <td>-0.007960</td>\n",
       "      <td>-0.007959</td>\n",
       "      <td>0.120763</td>\n",
       "    </tr>\n",
       "    <tr>\n",
       "      <th>dered_u</th>\n",
       "      <td>0.971121</td>\n",
       "      <td>0.905614</td>\n",
       "      <td>0.781902</td>\n",
       "      <td>0.621505</td>\n",
       "      <td>0.021185</td>\n",
       "      <td>-0.018948</td>\n",
       "      <td>1.000000</td>\n",
       "      <td>0.920874</td>\n",
       "      <td>0.787351</td>\n",
       "      <td>0.620614</td>\n",
       "      <td>0.018893</td>\n",
       "      <td>0.263313</td>\n",
       "      <td>0.263163</td>\n",
       "      <td>0.094326</td>\n",
       "      <td>0.094596</td>\n",
       "      <td>0.093886</td>\n",
       "      <td>0.094128</td>\n",
       "      <td>0.094483</td>\n",
       "      <td>-0.321893</td>\n",
       "    </tr>\n",
       "    <tr>\n",
       "      <th>dered_g</th>\n",
       "      <td>0.894310</td>\n",
       "      <td>0.979470</td>\n",
       "      <td>0.930507</td>\n",
       "      <td>0.814455</td>\n",
       "      <td>0.029210</td>\n",
       "      <td>-0.009416</td>\n",
       "      <td>0.920874</td>\n",
       "      <td>1.000000</td>\n",
       "      <td>0.939697</td>\n",
       "      <td>0.816324</td>\n",
       "      <td>0.026046</td>\n",
       "      <td>0.265298</td>\n",
       "      <td>0.264085</td>\n",
       "      <td>0.094908</td>\n",
       "      <td>0.095007</td>\n",
       "      <td>0.094639</td>\n",
       "      <td>0.094796</td>\n",
       "      <td>0.094980</td>\n",
       "      <td>-0.322785</td>\n",
       "    </tr>\n",
       "    <tr>\n",
       "      <th>dered_r</th>\n",
       "      <td>0.763670</td>\n",
       "      <td>0.919894</td>\n",
       "      <td>0.986870</td>\n",
       "      <td>0.937730</td>\n",
       "      <td>0.035609</td>\n",
       "      <td>-0.016750</td>\n",
       "      <td>0.787351</td>\n",
       "      <td>0.939697</td>\n",
       "      <td>1.000000</td>\n",
       "      <td>0.942534</td>\n",
       "      <td>0.031728</td>\n",
       "      <td>0.256751</td>\n",
       "      <td>0.254568</td>\n",
       "      <td>0.094336</td>\n",
       "      <td>0.094419</td>\n",
       "      <td>0.094084</td>\n",
       "      <td>0.094233</td>\n",
       "      <td>0.094400</td>\n",
       "      <td>-0.355379</td>\n",
       "    </tr>\n",
       "    <tr>\n",
       "      <th>dered_i</th>\n",
       "      <td>0.599717</td>\n",
       "      <td>0.795859</td>\n",
       "      <td>0.927720</td>\n",
       "      <td>0.991084</td>\n",
       "      <td>0.039492</td>\n",
       "      <td>-0.019786</td>\n",
       "      <td>0.620614</td>\n",
       "      <td>0.816324</td>\n",
       "      <td>0.942534</td>\n",
       "      <td>1.000000</td>\n",
       "      <td>0.035263</td>\n",
       "      <td>0.244102</td>\n",
       "      <td>0.241432</td>\n",
       "      <td>0.091414</td>\n",
       "      <td>0.091750</td>\n",
       "      <td>0.090914</td>\n",
       "      <td>0.091186</td>\n",
       "      <td>0.091604</td>\n",
       "      <td>-0.356929</td>\n",
       "    </tr>\n",
       "    <tr>\n",
       "      <th>dered_z</th>\n",
       "      <td>0.018283</td>\n",
       "      <td>0.025428</td>\n",
       "      <td>0.031285</td>\n",
       "      <td>0.035044</td>\n",
       "      <td>0.995158</td>\n",
       "      <td>-0.001231</td>\n",
       "      <td>0.018893</td>\n",
       "      <td>0.026046</td>\n",
       "      <td>0.031728</td>\n",
       "      <td>0.035263</td>\n",
       "      <td>1.000000</td>\n",
       "      <td>0.008930</td>\n",
       "      <td>0.008972</td>\n",
       "      <td>0.000078</td>\n",
       "      <td>0.000082</td>\n",
       "      <td>0.000073</td>\n",
       "      <td>0.000075</td>\n",
       "      <td>0.000080</td>\n",
       "      <td>-0.015785</td>\n",
       "    </tr>\n",
       "    <tr>\n",
       "      <th>nObserve</th>\n",
       "      <td>0.277655</td>\n",
       "      <td>0.281117</td>\n",
       "      <td>0.270437</td>\n",
       "      <td>0.256186</td>\n",
       "      <td>0.010325</td>\n",
       "      <td>-0.020227</td>\n",
       "      <td>0.263313</td>\n",
       "      <td>0.265298</td>\n",
       "      <td>0.256751</td>\n",
       "      <td>0.244102</td>\n",
       "      <td>0.008930</td>\n",
       "      <td>1.000000</td>\n",
       "      <td>0.995649</td>\n",
       "      <td>0.275782</td>\n",
       "      <td>0.281055</td>\n",
       "      <td>0.269997</td>\n",
       "      <td>0.272956</td>\n",
       "      <td>0.278486</td>\n",
       "      <td>-0.236161</td>\n",
       "    </tr>\n",
       "    <tr>\n",
       "      <th>nDetect</th>\n",
       "      <td>0.277101</td>\n",
       "      <td>0.279468</td>\n",
       "      <td>0.267918</td>\n",
       "      <td>0.253229</td>\n",
       "      <td>0.010328</td>\n",
       "      <td>-0.020294</td>\n",
       "      <td>0.263163</td>\n",
       "      <td>0.264085</td>\n",
       "      <td>0.254568</td>\n",
       "      <td>0.241432</td>\n",
       "      <td>0.008972</td>\n",
       "      <td>0.995649</td>\n",
       "      <td>1.000000</td>\n",
       "      <td>0.275707</td>\n",
       "      <td>0.281024</td>\n",
       "      <td>0.269879</td>\n",
       "      <td>0.272859</td>\n",
       "      <td>0.278434</td>\n",
       "      <td>-0.238762</td>\n",
       "    </tr>\n",
       "    <tr>\n",
       "      <th>airmass_u</th>\n",
       "      <td>0.108146</td>\n",
       "      <td>0.109217</td>\n",
       "      <td>0.105917</td>\n",
       "      <td>0.100996</td>\n",
       "      <td>0.000848</td>\n",
       "      <td>-0.007961</td>\n",
       "      <td>0.094326</td>\n",
       "      <td>0.094908</td>\n",
       "      <td>0.094336</td>\n",
       "      <td>0.091414</td>\n",
       "      <td>0.000078</td>\n",
       "      <td>0.275782</td>\n",
       "      <td>0.275707</td>\n",
       "      <td>1.000000</td>\n",
       "      <td>0.999175</td>\n",
       "      <td>0.999160</td>\n",
       "      <td>0.999791</td>\n",
       "      <td>0.999793</td>\n",
       "      <td>-0.099279</td>\n",
       "    </tr>\n",
       "    <tr>\n",
       "      <th>airmass_g</th>\n",
       "      <td>0.108394</td>\n",
       "      <td>0.109285</td>\n",
       "      <td>0.105972</td>\n",
       "      <td>0.101309</td>\n",
       "      <td>0.000866</td>\n",
       "      <td>-0.007953</td>\n",
       "      <td>0.094596</td>\n",
       "      <td>0.095007</td>\n",
       "      <td>0.094419</td>\n",
       "      <td>0.091750</td>\n",
       "      <td>0.000082</td>\n",
       "      <td>0.281055</td>\n",
       "      <td>0.281024</td>\n",
       "      <td>0.999175</td>\n",
       "      <td>1.000000</td>\n",
       "      <td>0.996670</td>\n",
       "      <td>0.998135</td>\n",
       "      <td>0.999795</td>\n",
       "      <td>-0.099342</td>\n",
       "    </tr>\n",
       "    <tr>\n",
       "      <th>airmass_r</th>\n",
       "      <td>0.107712</td>\n",
       "      <td>0.108960</td>\n",
       "      <td>0.105678</td>\n",
       "      <td>0.100505</td>\n",
       "      <td>0.000827</td>\n",
       "      <td>-0.007954</td>\n",
       "      <td>0.093886</td>\n",
       "      <td>0.094639</td>\n",
       "      <td>0.094084</td>\n",
       "      <td>0.090914</td>\n",
       "      <td>0.000073</td>\n",
       "      <td>0.269997</td>\n",
       "      <td>0.269879</td>\n",
       "      <td>0.999160</td>\n",
       "      <td>0.996670</td>\n",
       "      <td>1.000000</td>\n",
       "      <td>0.999789</td>\n",
       "      <td>0.998118</td>\n",
       "      <td>-0.099034</td>\n",
       "    </tr>\n",
       "    <tr>\n",
       "      <th>airmass_i</th>\n",
       "      <td>0.107954</td>\n",
       "      <td>0.109114</td>\n",
       "      <td>0.105822</td>\n",
       "      <td>0.100774</td>\n",
       "      <td>0.000838</td>\n",
       "      <td>-0.007960</td>\n",
       "      <td>0.094128</td>\n",
       "      <td>0.094796</td>\n",
       "      <td>0.094233</td>\n",
       "      <td>0.091186</td>\n",
       "      <td>0.000075</td>\n",
       "      <td>0.272956</td>\n",
       "      <td>0.272859</td>\n",
       "      <td>0.999791</td>\n",
       "      <td>0.998135</td>\n",
       "      <td>0.999789</td>\n",
       "      <td>1.000000</td>\n",
       "      <td>0.999167</td>\n",
       "      <td>-0.099181</td>\n",
       "    </tr>\n",
       "    <tr>\n",
       "      <th>airmass_z</th>\n",
       "      <td>0.108295</td>\n",
       "      <td>0.109276</td>\n",
       "      <td>0.105969</td>\n",
       "      <td>0.101177</td>\n",
       "      <td>0.000857</td>\n",
       "      <td>-0.007959</td>\n",
       "      <td>0.094483</td>\n",
       "      <td>0.094980</td>\n",
       "      <td>0.094400</td>\n",
       "      <td>0.091604</td>\n",
       "      <td>0.000080</td>\n",
       "      <td>0.278486</td>\n",
       "      <td>0.278434</td>\n",
       "      <td>0.999793</td>\n",
       "      <td>0.999795</td>\n",
       "      <td>0.998118</td>\n",
       "      <td>0.999167</td>\n",
       "      <td>1.000000</td>\n",
       "      <td>-0.099335</td>\n",
       "    </tr>\n",
       "    <tr>\n",
       "      <th>class</th>\n",
       "      <td>-0.343683</td>\n",
       "      <td>-0.348025</td>\n",
       "      <td>-0.376357</td>\n",
       "      <td>-0.374995</td>\n",
       "      <td>-0.017929</td>\n",
       "      <td>0.120763</td>\n",
       "      <td>-0.321893</td>\n",
       "      <td>-0.322785</td>\n",
       "      <td>-0.355379</td>\n",
       "      <td>-0.356929</td>\n",
       "      <td>-0.015785</td>\n",
       "      <td>-0.236161</td>\n",
       "      <td>-0.238762</td>\n",
       "      <td>-0.099279</td>\n",
       "      <td>-0.099342</td>\n",
       "      <td>-0.099034</td>\n",
       "      <td>-0.099181</td>\n",
       "      <td>-0.099335</td>\n",
       "      <td>1.000000</td>\n",
       "    </tr>\n",
       "  </tbody>\n",
       "</table>\n",
       "</div>"
      ],
      "text/plain": [
       "                  u         g         r         i         z  redshift  \\\n",
       "u          1.000000  0.920384  0.790114  0.625414  0.021315 -0.021900   \n",
       "g          0.920384  1.000000  0.941895  0.818393  0.029261 -0.013847   \n",
       "r          0.790114  0.941895  1.000000  0.942721  0.035680 -0.020137   \n",
       "i          0.625414  0.818393  0.942721  1.000000  0.039693 -0.022409   \n",
       "z          0.021315  0.029261  0.035680  0.039693  1.000000 -0.001416   \n",
       "redshift  -0.021900 -0.013847 -0.020137 -0.022409 -0.001416  1.000000   \n",
       "dered_u    0.971121  0.905614  0.781902  0.621505  0.021185 -0.018948   \n",
       "dered_g    0.894310  0.979470  0.930507  0.814455  0.029210 -0.009416   \n",
       "dered_r    0.763670  0.919894  0.986870  0.937730  0.035609 -0.016750   \n",
       "dered_i    0.599717  0.795859  0.927720  0.991084  0.039492 -0.019786   \n",
       "dered_z    0.018283  0.025428  0.031285  0.035044  0.995158 -0.001231   \n",
       "nObserve   0.277655  0.281117  0.270437  0.256186  0.010325 -0.020227   \n",
       "nDetect    0.277101  0.279468  0.267918  0.253229  0.010328 -0.020294   \n",
       "airmass_u  0.108146  0.109217  0.105917  0.100996  0.000848 -0.007961   \n",
       "airmass_g  0.108394  0.109285  0.105972  0.101309  0.000866 -0.007953   \n",
       "airmass_r  0.107712  0.108960  0.105678  0.100505  0.000827 -0.007954   \n",
       "airmass_i  0.107954  0.109114  0.105822  0.100774  0.000838 -0.007960   \n",
       "airmass_z  0.108295  0.109276  0.105969  0.101177  0.000857 -0.007959   \n",
       "class     -0.343683 -0.348025 -0.376357 -0.374995 -0.017929  0.120763   \n",
       "\n",
       "            dered_u   dered_g   dered_r   dered_i   dered_z  nObserve  \\\n",
       "u          0.971121  0.894310  0.763670  0.599717  0.018283  0.277655   \n",
       "g          0.905614  0.979470  0.919894  0.795859  0.025428  0.281117   \n",
       "r          0.781902  0.930507  0.986870  0.927720  0.031285  0.270437   \n",
       "i          0.621505  0.814455  0.937730  0.991084  0.035044  0.256186   \n",
       "z          0.021185  0.029210  0.035609  0.039492  0.995158  0.010325   \n",
       "redshift  -0.018948 -0.009416 -0.016750 -0.019786 -0.001231 -0.020227   \n",
       "dered_u    1.000000  0.920874  0.787351  0.620614  0.018893  0.263313   \n",
       "dered_g    0.920874  1.000000  0.939697  0.816324  0.026046  0.265298   \n",
       "dered_r    0.787351  0.939697  1.000000  0.942534  0.031728  0.256751   \n",
       "dered_i    0.620614  0.816324  0.942534  1.000000  0.035263  0.244102   \n",
       "dered_z    0.018893  0.026046  0.031728  0.035263  1.000000  0.008930   \n",
       "nObserve   0.263313  0.265298  0.256751  0.244102  0.008930  1.000000   \n",
       "nDetect    0.263163  0.264085  0.254568  0.241432  0.008972  0.995649   \n",
       "airmass_u  0.094326  0.094908  0.094336  0.091414  0.000078  0.275782   \n",
       "airmass_g  0.094596  0.095007  0.094419  0.091750  0.000082  0.281055   \n",
       "airmass_r  0.093886  0.094639  0.094084  0.090914  0.000073  0.269997   \n",
       "airmass_i  0.094128  0.094796  0.094233  0.091186  0.000075  0.272956   \n",
       "airmass_z  0.094483  0.094980  0.094400  0.091604  0.000080  0.278486   \n",
       "class     -0.321893 -0.322785 -0.355379 -0.356929 -0.015785 -0.236161   \n",
       "\n",
       "            nDetect  airmass_u  airmass_g  airmass_r  airmass_i  airmass_z  \\\n",
       "u          0.277101   0.108146   0.108394   0.107712   0.107954   0.108295   \n",
       "g          0.279468   0.109217   0.109285   0.108960   0.109114   0.109276   \n",
       "r          0.267918   0.105917   0.105972   0.105678   0.105822   0.105969   \n",
       "i          0.253229   0.100996   0.101309   0.100505   0.100774   0.101177   \n",
       "z          0.010328   0.000848   0.000866   0.000827   0.000838   0.000857   \n",
       "redshift  -0.020294  -0.007961  -0.007953  -0.007954  -0.007960  -0.007959   \n",
       "dered_u    0.263163   0.094326   0.094596   0.093886   0.094128   0.094483   \n",
       "dered_g    0.264085   0.094908   0.095007   0.094639   0.094796   0.094980   \n",
       "dered_r    0.254568   0.094336   0.094419   0.094084   0.094233   0.094400   \n",
       "dered_i    0.241432   0.091414   0.091750   0.090914   0.091186   0.091604   \n",
       "dered_z    0.008972   0.000078   0.000082   0.000073   0.000075   0.000080   \n",
       "nObserve   0.995649   0.275782   0.281055   0.269997   0.272956   0.278486   \n",
       "nDetect    1.000000   0.275707   0.281024   0.269879   0.272859   0.278434   \n",
       "airmass_u  0.275707   1.000000   0.999175   0.999160   0.999791   0.999793   \n",
       "airmass_g  0.281024   0.999175   1.000000   0.996670   0.998135   0.999795   \n",
       "airmass_r  0.269879   0.999160   0.996670   1.000000   0.999789   0.998118   \n",
       "airmass_i  0.272859   0.999791   0.998135   0.999789   1.000000   0.999167   \n",
       "airmass_z  0.278434   0.999793   0.999795   0.998118   0.999167   1.000000   \n",
       "class     -0.238762  -0.099279  -0.099342  -0.099034  -0.099181  -0.099335   \n",
       "\n",
       "              class  \n",
       "u         -0.343683  \n",
       "g         -0.348025  \n",
       "r         -0.376357  \n",
       "i         -0.374995  \n",
       "z         -0.017929  \n",
       "redshift   0.120763  \n",
       "dered_u   -0.321893  \n",
       "dered_g   -0.322785  \n",
       "dered_r   -0.355379  \n",
       "dered_i   -0.356929  \n",
       "dered_z   -0.015785  \n",
       "nObserve  -0.236161  \n",
       "nDetect   -0.238762  \n",
       "airmass_u -0.099279  \n",
       "airmass_g -0.099342  \n",
       "airmass_r -0.099034  \n",
       "airmass_i -0.099181  \n",
       "airmass_z -0.099335  \n",
       "class      1.000000  "
      ]
     },
     "execution_count": 256,
     "metadata": {},
     "output_type": "execute_result"
    }
   ],
   "source": [
    "train.corr(method = \"pearson\")"
   ]
  },
  {
   "cell_type": "code",
   "execution_count": 252,
   "metadata": {},
   "outputs": [
    {
     "data": {
      "text/plain": [
       "array([[<AxesSubplot:title={'center':'u'}>,\n",
       "        <AxesSubplot:title={'center':'g'}>,\n",
       "        <AxesSubplot:title={'center':'r'}>,\n",
       "        <AxesSubplot:title={'center':'i'}>],\n",
       "       [<AxesSubplot:title={'center':'z'}>,\n",
       "        <AxesSubplot:title={'center':'redshift'}>,\n",
       "        <AxesSubplot:title={'center':'dered_u'}>,\n",
       "        <AxesSubplot:title={'center':'dered_g'}>],\n",
       "       [<AxesSubplot:title={'center':'dered_r'}>,\n",
       "        <AxesSubplot:title={'center':'dered_i'}>,\n",
       "        <AxesSubplot:title={'center':'dered_z'}>,\n",
       "        <AxesSubplot:title={'center':'nObserve'}>],\n",
       "       [<AxesSubplot:title={'center':'nDetect'}>,\n",
       "        <AxesSubplot:title={'center':'airmass_u'}>,\n",
       "        <AxesSubplot:title={'center':'airmass_g'}>,\n",
       "        <AxesSubplot:title={'center':'airmass_r'}>],\n",
       "       [<AxesSubplot:title={'center':'airmass_i'}>,\n",
       "        <AxesSubplot:title={'center':'airmass_z'}>,\n",
       "        <AxesSubplot:title={'center':'class'}>, <AxesSubplot:>]],\n",
       "      dtype=object)"
      ]
     },
     "execution_count": 252,
     "metadata": {},
     "output_type": "execute_result"
    },
    {
     "data": {
